4.000000000000000000e+00 2.172488109393579059e+00
1.300000000000000000e+01 3.115351523545706769e+00
3.700000000000000000e+01 3.516669550173010084e+00
3.200000000000000000e+01 1.736804000000000014e+00
4.000000000000000000e+00 2.028636385255647934e+00
4.000000000000000000e+01 2.117612018140589747e+00
4.000000000000000000e+00 2.227857074910820412e+00
4.200000000000000000e+01 2.486675739644971017e+00
4.300000000000000000e+01 2.205683250000000317e+00
4.900000000000000000e+01 1.878679209183673926e+00
4.500000000000000000e+01 2.322503673094582055e+00
4.200000000000000000e+01 2.134675739644970260e+00
3.700000000000000000e+01 1.695363667820068976e+00
4.900000000000000000e+01 1.216900637755102377e+00
0.000000000000000000e+00 1.780932598714417114e+00
3.700000000000000000e+01 1.906798961937715919e+00
0.000000000000000000e+00 1.682584113865932762e+00
4.600000000000000000e+01 1.835328402366863898e+00
0.000000000000000000e+00 2.133514416896235222e+00
1.300000000000000000e+01 1.490025207756232817e+00
3.700000000000000000e+01 1.967481314878892551e+00
3.700000000000000000e+01 1.868598961937716352e+00
0.000000000000000000e+00 1.853293204775023240e+00
0.000000000000000000e+00 1.644071992653810765e+00
1.100000000000000000e+01 1.921403969754253316e+00
4.900000000000000000e+01 1.743872066326530357e+00
0.000000000000000000e+00 2.256441689623508218e+00
1.800000000000000000e+01 2.411978086419753087e+00
4.900000000000000000e+01 1.409457780612245026e+00
1.800000000000000000e+01 2.328755864197531444e+00
7.000000000000000000e+00 1.777683333333333282e+00
3.700000000000000000e+01 2.861004844290657712e+00
4.300000000000000000e+01 2.676173249999999282e+00
1.100000000000000000e+01 2.075769187145557915e+00
5.000000000000000000e+00 3.042869770408163976e+00
5.000000000000000000e+00 1.430084056122449487e+00
4.000000000000000000e+01 1.964321541950113215e+00
5.000000000000000000e+00 1.824041198979591716e+00
5.000000000000000000e+00 1.923469770408163360e+00
3.700000000000000000e+01 2.154310726643597906e+00
1.800000000000000000e+01 2.027378086419753256e+00
4.600000000000000000e+01 2.004666863905324448e+00
5.000000000000000000e+00 1.606919770408163028e+00
0.000000000000000000e+00 1.632765932047750557e+00
3.700000000000000000e+01 1.754281314878892939e+00
0.000000000000000000e+00 1.029832598714417458e+00
1.100000000000000000e+01 1.721043100189036279e+00
1.800000000000000000e+01 1.803733641975308499e+00
5.000000000000000000e+00 2.260976913265305477e+00
5.000000000000000000e+00 1.788884056122448829e+00
4.600000000000000000e+01 2.247166863905324607e+00
1.800000000000000000e+01 1.982389197530863401e+00
1.100000000000000000e+01 2.325577882797732254e+00
1.300000000000000000e+01 1.961251523545705977e+00
1.100000000000000000e+01 2.551564839319470757e+00
5.000000000000000000e+00 2.140048341836735091e+00
1.800000000000000000e+01 1.594478086419753415e+00
6.000000000000000000e+00 1.663825000000000109e+00
1.300000000000000000e+01 3.152709418282548359e+00
4.600000000000000000e+01 1.869066863905325615e+00
0.000000000000000000e+00 1.672475022956840363e+00
4.600000000000000000e+01 2.737751479289939560e+00
4.600000000000000000e+01 1.251551479289940927e+00
1.100000000000000000e+01 1.248195274102079200e+00
4.000000000000000000e+00 2.670160523186682955e+00
0.000000000000000000e+00 2.737796235078052920e+00
4.600000000000000000e+01 1.855482248520710309e+00
1.600000000000000000e+01 2.129941715976332084e+00
4.600000000000000000e+01 2.172813017751479947e+00
0.000000000000000000e+00 2.078762901744720448e+00
0.000000000000000000e+00 2.216575022956841057e+00
5.000000000000000000e+00 1.489869770408163374e+00
4.600000000000000000e+01 1.259089940828402421e+00
4.000000000000000000e+01 1.876335827664398881e+00
5.000000000000000000e+00 1.735448341836734798e+00
0.000000000000000000e+00 1.519699265381083686e+00
4.000000000000000000e+00 2.407512247324613774e+00
0.000000000000000000e+00 2.027284113865932547e+00
4.900000000000000000e+01 1.979000637755102154e+00
4.900000000000000000e+01 2.031014923469387945e+00
1.600000000000000000e+01 3.038941715976331448e+00
3.000000000000000000e+01 2.253555555555554868e+00
4.000000000000000000e+01 1.453969160997732324e+00
4.000000000000000000e+01 1.502764399092970882e+00
0.000000000000000000e+00 1.543881083562902212e+00
0.000000000000000000e+00 1.757068962350781360e+00
0.000000000000000000e+00 2.340838659320477078e+00
4.200000000000000000e+01 1.718560355029585596e+00
0.000000000000000000e+00 1.597123507805326525e+00
3.700000000000000000e+01 1.506181314878892952e+00
4.800000000000000000e+01 2.732464256198347652e+00
4.600000000000000000e+01 1.559451479289941211e+00
7.000000000000000000e+00 1.891866666666667030e+00
4.900000000000000000e+01 2.031457780612244690e+00
4.800000000000000000e+01 2.160409710743802059e+00
4.000000000000000000e+01 1.493240589569160948e+00
5.000000000000000000e+00 1.671741198979591392e+00
4.800000000000000000e+01 1.980409710743801677e+00
1.100000000000000000e+01 1.577164839319470824e+00
2.700000000000000000e+01 1.268088296398892201e+00
1.800000000000000000e+01 1.294978086419753538e+00
4.300000000000000000e+01 2.565973250000000316e+00
0.000000000000000000e+00 2.808890174471991852e+00
1.100000000000000000e+01 2.228573534971645120e+00
4.900000000000000000e+01 3.326893494897958714e+00
4.500000000000000000e+01 1.383115794306703394e+00
1.600000000000000000e+01 1.884118639053254718e+00
2.700000000000000000e+01 2.527030401662050174e+00
7.000000000000000000e+00 2.072966666666666846e+00
4.000000000000000000e+00 2.016357074910820835e+00
2.100000000000000000e+01 1.637799305555555307e+00
4.000000000000000000e+00 2.200215695600475918e+00
1.800000000000000000e+01 1.849122530864197644e+00
0.000000000000000000e+00 2.429671992653810619e+00
3.700000000000000000e+01 2.976734256055363570e+00
4.900000000000000000e+01 2.600386352040816362e+00
4.000000000000000000e+01 2.458012018140590893e+00
2.700000000000000000e+01 1.967198822714681272e+00
5.000000000000000000e+00 2.438712627551020695e+00
0.000000000000000000e+00 1.819456841138660019e+00
1.100000000000000000e+01 2.266938752362948506e+00
1.100000000000000000e+01 2.367047448015122679e+00
4.200000000000000000e+01 2.711106508875740229e+00
1.100000000000000000e+01 2.266534404536861835e+00
6.000000000000000000e+00 1.697374999999999634e+00
4.000000000000000000e+00 2.106705350772889229e+00
4.000000000000000000e+01 3.008621541950113443e+00
1.800000000000000000e+01 1.883455864197530749e+00
0.000000000000000000e+00 1.846035629017447333e+00
0.000000000000000000e+00 1.791635629017447773e+00
4.600000000000000000e+01 1.329343786982248199e+00
5.000000000000000000e+00 1.237634056122448811e+00
1.800000000000000000e+01 1.403289197530864119e+00
1.300000000000000000e+01 2.231219944598337612e+00
0.000000000000000000e+00 1.094705325987144651e+00
0.000000000000000000e+00 1.454905325987144504e+00
0.000000000000000000e+00 1.879865932047749988e+00
1.100000000000000000e+01 2.315917013232513533e+00
4.600000000000000000e+01 2.137889940828402668e+00
1.800000000000000000e+01 2.121900308641975208e+00
1.800000000000000000e+01 1.679855864197530746e+00
1.800000000000000000e+01 2.888044753086420169e+00
1.800000000000000000e+01 1.843233641975308812e+00
1.600000000000000000e+01 1.673380177514792733e+00
4.000000000000000000e+01 2.247331065759637259e+00
4.000000000000000000e+00 2.712453626634958148e+00
3.700000000000000000e+01 2.936587197231835145e+00
7.000000000000000000e+00 2.649483333333332968e+00
3.700000000000000000e+01 2.617698961937716007e+00
4.500000000000000000e+01 2.759564279155189315e+00
4.900000000000000000e+01 1.931329209183673568e+00
5.000000000000000000e+00 3.113848341836734424e+00
2.100000000000000000e+01 1.720215972222222334e+00
4.000000000000000000e+00 2.645212247324613575e+00
2.100000000000000000e+01 1.976232638888888449e+00
2.800000000000000000e+01 2.227359259259259261e+00
7.000000000000000000e+00 2.232800000000000118e+00
1.100000000000000000e+01 1.952695274102079548e+00
2.800000000000000000e+01 2.592025925925925289e+00
7.000000000000000000e+00 2.532850000000000268e+00
4.400000000000000000e+01 0.000000000000000000e+00
4.900000000000000000e+01 1.368229209183674078e+00
2.800000000000000000e+01 2.016459259259260062e+00
4.500000000000000000e+01 1.980033976124885298e+00
7.000000000000000000e+00 2.534016666666666584e+00
4.000000000000000000e+01 2.328312018140590300e+00
1.800000000000000000e+01 1.443033641975308479e+00
1.100000000000000000e+01 1.182730056710775024e+00
1.100000000000000000e+01 1.455382230623818440e+00
3.700000000000000000e+01 1.623646020761245312e+00
4.200000000000000000e+01 2.320575739644970437e+00
4.600000000000000000e+01 1.985059171597632899e+00
1.800000000000000000e+01 1.022211419753085826e+00
0.000000000000000000e+00 1.626326538108355813e+00
4.600000000000000000e+01 1.778043786982249630e+00
4.600000000000000000e+01 1.339720710059171926e+00
5.000000000000000000e+00 1.699634056122449000e+00
4.600000000000000000e+01 1.759313017751479080e+00
4.600000000000000000e+01 1.425797633136094866e+00
1.800000000000000000e+01 1.172233641975308993e+00
0.000000000000000000e+00 1.503247750229567803e+00
1.800000000000000000e+01 1.724022530864197211e+00
4.600000000000000000e+01 1.382436094674556415e+00
0.000000000000000000e+00 1.345235629017447199e+00
4.900000000000000000e+01 2.263114923469387474e+00
5.000000000000000000e+00 2.164012627551020085e+00
5.000000000000000000e+00 2.186776913265306987e+00
0.000000000000000000e+00 1.963514416896234183e+00
5.000000000000000000e+00 2.378391198979591170e+00
4.600000000000000000e+01 1.986336094674556296e+00
4.600000000000000000e+01 1.114589940828402792e+00
0.000000000000000000e+00 1.513729568411386284e+00
5.000000000000000000e+00 1.568948341836734928e+00
0.000000000000000000e+00 2.452487144168961741e+00
3.200000000000000000e+01 1.559903999999999957e+00
3.700000000000000000e+01 1.863104844290657480e+00
6.000000000000000000e+00 1.476424999999999654e+00
1.600000000000000000e+01 1.845918639053254484e+00
4.900000000000000000e+01 2.938214923469387507e+00
4.800000000000000000e+01 9.375097107438011834e-01
4.000000000000000000e+01 2.513088208616779617e+00
4.800000000000000000e+01 2.538341528925620150e+00
4.300000000000000000e+01 3.225343250000000328e+00
4.200000000000000000e+01 4.349329585798816566e+00
2.700000000000000000e+01 1.215309349030470720e+00
4.500000000000000000e+01 3.482518824609733610e+00
4.800000000000000000e+01 1.932405165289256432e+00
4.800000000000000000e+01 1.525400619834710314e+00
4.900000000000000000e+01 2.380186352040816633e+00
1.300000000000000000e+01 1.278704155124654074e+00
4.900000000000000000e+01 2.334993494897958932e+00
2.000000000000000000e+01 2.771985224489796451e+00
2.600000000000000000e+01 2.666922519999999519e+00
9.000000000000000000e+00 1.485867058298631749e+00
9.000000000000000000e+00 1.114159741225461131e+00
2.600000000000000000e+01 2.294722519999999655e+00
2.000000000000000000e+01 4.365128081632652091e+00
2.600000000000000000e+01 1.177522520000000350e+00
1.200000000000000000e+01 3.021044990548203746e+00
1.900000000000000000e+01 3.407661186264308029e+00
2.000000000000000000e+01 2.731699510204081971e+00
2.600000000000000000e+01 2.949722519999999903e+00
9.000000000000000000e+00 2.332330472932778509e+00
2.000000000000000000e+01 4.323413795918368052e+00
1.900000000000000000e+01 8.715725702393340768e+00
9.000000000000000000e+00 2.627208521713266354e+00
9.000000000000000000e+00 1.774891448542534222e+00
9.000000000000000000e+00 2.162940229030339445e+00
1.400000000000000000e+01 0.000000000000000000e+00
9.000000000000000000e+00 2.103915838786437398e+00
1.900000000000000000e+01 2.127661186264308224e+00
9.000000000000000000e+00 2.703428033908388262e+00
2.000000000000000000e+01 4.510270938775509997e+00
9.000000000000000000e+00 1.425135350981558524e+00
1.200000000000000000e+01 5.233653686200377741e+00
1.000000000000000000e+01 3.954147395833333523e+00
9.000000000000000000e+00 1.631476814396192632e+00
2.000000000000000000e+01 2.660556653061224797e+00
2.600000000000000000e+01 3.136722519999999292e+00
2.600000000000000000e+01 1.103658519999999754e+00
2.000000000000000000e+01 2.513699510204081111e+00
1.000000000000000000e+01 2.372480729166666524e+00
9.000000000000000000e+00 3.303671936347412963e+00
9.000000000000000000e+00 2.929647546103509637e+00
9.000000000000000000e+00 2.092840229030339394e+00
2.600000000000000000e+01 2.004722520000000952e+00
9.000000000000000000e+00 2.336793887566924521e+00
2.600000000000000000e+01 2.478522519999999840e+00
1.000000000000000000e+01 3.096647395833333594e+00
1.000000000000000000e+01 1.164980729166666507e+00
9.000000000000000000e+00 9.556231558596073317e-01
2.600000000000000000e+01 2.151922519999999839e+00
9.000000000000000000e+00 1.679281692444972496e+00
9.000000000000000000e+00 1.290745107079119380e+00
2.600000000000000000e+01 9.957825200000000043e-01
9.000000000000000000e+00 3.398549985127900630e+00
1.500000000000000000e+01 2.875635502958580059e+00
9.000000000000000000e+00 1.701842668054728946e+00
9.000000000000000000e+00 1.213671936347412217e+00
9.000000000000000000e+00 4.632940229030338308e+00
1.600000000000000000e+01 1.304764792899408166e+00
4.800000000000000000e+01 9.495415289256200486e-01
2.700000000000000000e+01 1.309219875346260276e+00
4.800000000000000000e+01 3.124146074380165228e+00
4.000000000000000000e+01 3.052597732426304500e+00
4.500000000000000000e+01 1.821752157943066663e+00
4.500000000000000000e+01 2.830185491276399290e+00
2.700000000000000000e+01 1.840430401662050297e+00
4.500000000000000000e+01 1.450830945821854456e+00
2.700000000000000000e+01 1.616746191135733923e+00
1.000000000000000000e+00 2.627396173469387808e+00
1.900000000000000000e+01 2.909799895941727943e+00
9.000000000000000000e+00 2.410257302201070928e+00
9.000000000000000000e+00 1.815501204640095567e+00
2.600000000000000000e+01 1.410922519999999958e+00
1.900000000000000000e+01 9.018547346514047547e-01
1.000000000000000000e+01 2.316647395833333789e+00
1.000000000000000000e+01 5.021647395833333860e+00
9.000000000000000000e+00 2.000501204640094954e+00
2.600000000000000000e+01 5.455722520000000131e+00
1.200000000000000000e+01 4.018001512287336041e+00
4.700000000000000000e+01 3.166321597633137142e+00
1.900000000000000000e+01 8.644998959417273809e-01
4.900000000000000000e+01 1.672829209183672505e+00
4.800000000000000000e+01 2.058246074380165158e+00
4.800000000000000000e+01 1.042382438016529633e+00
2.000000000000000000e+01 1.938170938775510166e+00
2.900000000000000000e+01 3.915253086419753892e+00
1.000000000000000000e+01 5.357897395833332688e+00
2.600000000000000000e+01 3.001122520000000016e+00
4.000000000000000000e+00 2.168967419738407010e+00
2.100000000000000000e+01 2.279715972222222664e+00
1.000000000000000000e+00 2.310017602040816520e+00
1.000000000000000000e+00 1.677217602040816269e+00
4.000000000000000000e+01 2.184440589569161428e+00
4.500000000000000000e+01 2.316630945821855025e+00
1.300000000000000000e+01 1.918930470914127495e+00
1.300000000000000000e+01 1.832672576177285295e+00
4.300000000000000000e+01 2.507823249999999060e+00
7.000000000000000000e+00 2.932966666666667166e+00
2.800000000000000000e+01 2.624514814814814301e+00
3.700000000000000000e+01 2.261434256055363523e+00
5.000000000000000000e+00 2.241176913265306769e+00
3.200000000000000000e+01 1.971564000000000316e+00
1.100000000000000000e+01 3.030095274102079017e+00
1.100000000000000000e+01 2.689969187145557328e+00
2.100000000000000000e+01 1.454332638888888862e+00
3.200000000000000000e+01 1.744504000000000055e+00
4.300000000000000000e+01 2.793343249999999056e+00
7.000000000000000000e+00 2.160783333333332834e+00
4.000000000000000000e+00 2.662601902497026884e+00
2.500000000000000000e+01 1.325324999999999864e+00
1.000000000000000000e+00 2.074374744897958589e+00
1.100000000000000000e+01 1.843073534971644056e+00
2.500000000000000000e+01 1.746724999999999861e+00
4.200000000000000000e+01 2.714560355029584926e+00
1.600000000000000000e+01 2.816872485207100762e+00
4.000000000000000000e+00 3.054839833531510784e+00
4.600000000000000000e+01 4.206674556213017446e+00
1.600000000000000000e+01 2.297041715976331222e+00
2.800000000000000000e+01 2.066737037037037261e+00
4.300000000000000000e+01 2.823593249999999610e+00
4.200000000000000000e+01 2.190191124260354893e+00
2.700000000000000000e+01 1.607351454293628246e+00
4.000000000000000000e+00 1.816067419738406352e+00
4.000000000000000000e+00 1.983488109393579446e+00
1.300000000000000000e+01 2.292014681440443624e+00
1.600000000000000000e+01 2.167226331360946556e+00
4.200000000000000000e+01 1.784868047337278663e+00
4.800000000000000000e+01 2.011796074380165056e+00
4.900000000000000000e+01 2.936557780612245594e+00
4.600000000000000000e+01 2.345251479289940821e+00
1.600000000000000000e+01 2.743034023668638799e+00
4.900000000000000000e+01 1.544336352040816873e+00
1.300000000000000000e+01 2.784004155124654378e+00
2.700000000000000000e+01 1.700119875346260967e+00
4.000000000000000000e+01 3.693888208616780577e+00
2.100000000000000000e+01 1.458815972222222035e+00
2.800000000000000000e+01 2.631014814814814695e+00
2.000000000000000000e+01 2.827159510204082071e+00
4.000000000000000000e+00 3.580274316290131154e+00
4.500000000000000000e+01 2.175185491276400374e+00
1.700000000000000000e+01 2.362175999999999831e+00
1.700000000000000000e+01 3.525062666666667344e+00
2.100000000000000000e+01 2.283532638888888577e+00
2.000000000000000000e+01 3.271985224489796451e+00
2.000000000000000000e+01 4.047699510204081363e+00
2.500000000000000000e+01 3.238975000000000382e+00
2.600000000000000000e+01 4.007722519999998845e+00
9.000000000000000000e+00 2.076964619274241475e+00
2.600000000000000000e+01 2.608522520000000178e+00
2.600000000000000000e+01 4.803722519999999108e+00
9.000000000000000000e+00 3.391232911957168916e+00
9.000000000000000000e+00 3.504891448542534427e+00
2.700000000000000000e+01 2.125298822714681624e+00
1.000000000000000000e+00 1.724153316326530572e+00
4.700000000000000000e+01 1.904367751479289605e+00
4.500000000000000000e+01 2.326949127640036696e+00
2.800000000000000000e+01 2.839181481481481750e+00
4.500000000000000000e+01 2.196376400367309856e+00
1.500000000000000000e+01 2.491920118343195156e+00
2.100000000000000000e+01 5.158265972222222828e+00
4.500000000000000000e+01 1.170285491276400025e+00
1.700000000000000000e+01 2.955209333333334243e+00
4.000000000000000000e+00 2.563088109393579561e+00
1.700000000000000000e+01 2.094709333333333312e+00
4.800000000000000000e+01 2.166991528925619637e+00
4.900000000000000000e+01 2.881236352040816850e+00
1.000000000000000000e+00 1.964603316326531290e+00
2.700000000000000000e+01 2.014446191135734310e+00
1.700000000000000000e+01 1.694282666666666826e+00
1.700000000000000000e+01 2.843995999999999746e+00
2.000000000000000000e+01 2.825470938775510810e+00
2.000000000000000000e+01 2.758902367346939943e+00
3.800000000000000000e+01 2.999787500000000495e+00
1.500000000000000000e+01 3.044227810650887989e+00
2.000000000000000000e+01 2.853413795918367413e+00
1.900000000000000000e+01 2.740886992715921178e+00
2.600000000000000000e+01 8.161225199999998514e-01
9.000000000000000000e+00 2.146598765615705506e+00
9.000000000000000000e+00 1.764647546103510045e+00
2.600000000000000000e+01 1.828922520000000551e+00
4.700000000000000000e+01 2.516598520710059628e+00
9.000000000000000000e+00 2.570013399762046902e+00
1.000000000000000000e+00 2.129160459183673471e+00
1.000000000000000000e+00 1.905103316326530738e+00
4.500000000000000000e+01 2.224182460973369135e+00
1.300000000000000000e+01 1.868530470914127939e+00
2.900000000000000000e+01 1.114430864197530902e+00
4.500000000000000000e+01 2.091964279155187345e+00
4.700000000000000000e+01 1.816521597633136142e+00
1.200000000000000000e+01 2.528397164461248181e+00
3.800000000000000000e+01 1.693937500000000096e+00
4.500000000000000000e+01 3.494961248852158420e+00
4.800000000000000000e+01 1.863741528925619173e+00
4.800000000000000000e+01 1.904936983471074097e+00
2.700000000000000000e+01 1.535346191135733784e+00
4.800000000000000000e+01 1.831968801652892553e+00
1.700000000000000000e+01 2.290662666666666958e+00
2.700000000000000000e+01 2.904325138504154857e+00
2.700000000000000000e+01 1.892156717451523473e+00
4.500000000000000000e+01 1.993752157943066372e+00
4.800000000000000000e+01 1.205564256198346618e+00
1.000000000000000000e+00 1.115717602040816603e+00
1.300000000000000000e+01 1.904240997229916577e+00
4.500000000000000000e+01 1.588549127640036307e+00
4.800000000000000000e+01 1.275605165289255716e+00
4.800000000000000000e+01 1.172723347107438308e+00
2.700000000000000000e+01 1.133883033240996818e+00
2.700000000000000000e+01 3.005793559556786843e+00
4.800000000000000000e+01 1.613700619834710359e+00
1.700000000000000000e+01 2.323576000000000086e+00
1.600000000000000000e+01 3.073772485207100225e+00
2.000000000000000000e+01 2.190842367346939490e+00
1.500000000000000000e+01 3.935381656804733730e+00
2.600000000000000000e+01 2.402342520000000370e+00
2.600000000000000000e+01 2.691922519999999430e+00
9.000000000000000000e+00 4.269037790005948629e+00
1.000000000000000000e+01 1.905814062499999961e+00
4.700000000000000000e+01 1.646675443786982607e+00
2.900000000000000000e+01 6.761275308641974569e+00
4.700000000000000000e+01 2.784675443786982285e+00
2.600000000000000000e+01 3.490522519999999407e+00
2.600000000000000000e+01 4.744922519999999366e+00
9.000000000000000000e+00 2.405379253420584007e+00
2.600000000000000000e+01 8.717225199999997232e-01
1.600000000000000000e+01 1.338364792899408018e+00
4.500000000000000000e+01 1.368118824609733997e+00
4.800000000000000000e+01 1.575332438016529224e+00
1.000000000000000000e+00 1.651360459183673468e+00
1.200000000000000000e+01 1.034549338374291194e+00
2.900000000000000000e+01 1.527864197530863999e+00
1.600000000000000000e+01 2.157964792899408568e+00
2.700000000000000000e+01 1.214688296398892087e+00
1.600000000000000000e+01 2.010603254437870024e+00
9.000000000000000000e+00 3.511993887566925654e+00
1.900000000000000000e+01 3.180241831425597798e+00
1.000000000000000000e+00 8.695446173469386864e+00
3.200000000000000000e+01 5.842504000000000808e+00
3.300000000000000000e+01 3.687499999999999556e+00
9.000000000000000000e+00 4.462452424152291819e+00
9.000000000000000000e+00 3.458062180249851902e+00
9.000000000000000000e+00 1.608562180249851536e+00
1.900000000000000000e+01 8.755160249739855072e-01
2.600000000000000000e+01 1.238110520000000214e+00
2.600000000000000000e+01 1.780022520000000386e+00
2.600000000000000000e+01 1.695522520000000144e+00
2.600000000000000000e+01 2.416338519999999601e+00
1.900000000000000000e+01 3.919919250780437014e+00
2.600000000000000000e+01 2.147642519999999777e+00
9.000000000000000000e+00 2.738306082688875875e+00
9.000000000000000000e+00 2.288184131469363614e+00
2.000000000000000000e+01 2.359588081632653100e+00
2.000000000000000000e+01 3.028830938775510351e+00
9.000000000000000000e+00 1.428428033908388128e+00
1.900000000000000000e+01 2.223467637877210912e+00
2.600000000000000000e+01 3.234922519999999135e+00
1.000000000000000000e+01 3.402064062500000041e+00
9.000000000000000000e+00 2.580013399762046689e+00
2.000000000000000000e+01 5.249128081632651543e+00
1.200000000000000000e+01 4.444958034026465832e+00
2.600000000000000000e+01 1.950722520000000015e+00
2.600000000000000000e+01 3.940122520000000517e+00
1.900000000000000000e+01 2.014435379812695270e+00
9.000000000000000000e+00 2.047086570493754198e+00
1.900000000000000000e+01 1.158306347554630689e+00
9.000000000000000000e+00 1.053184131469363738e+00
1.900000000000000000e+01 1.708306347554630067e+00
1.900000000000000000e+01 1.275725702393340377e+00
1.900000000000000000e+01 2.507983766909469114e+00
2.600000000000000000e+01 2.830122520000000197e+00
2.600000000000000000e+01 1.581722519999999577e+00
4.000000000000000000e+00 3.188315695600475674e+00
3.000000000000000000e+01 2.306222222222221951e+00
1.700000000000000000e+01 5.011502666666666883e+00
1.500000000000000000e+01 2.150766272189349237e+00
1.900000000000000000e+01 2.732241831425598733e+00
2.000000000000000000e+01 2.543902367346939197e+00
2.900000000000000000e+01 2.185275308641974945e+00
2.000000000000000000e+01 3.175496653061224972e+00
2.600000000000000000e+01 4.145722519999998745e+00
4.000000000000000000e+01 2.704354875283446979e+00
4.900000000000000000e+01 2.016572066326530521e+00
4.000000000000000000e+00 2.253426040428061050e+00
4.800000000000000000e+01 2.659923347107437497e+00
4.900000000000000000e+01 1.805843494897958923e+00
4.300000000000000000e+01 2.766663250000000129e+00
2.700000000000000000e+01 2.282940927977838985e+00
4.900000000000000000e+01 2.469907780612245141e+00
1.300000000000000000e+01 1.991167313019390761e+00
4.900000000000000000e+01 1.849264923469387867e+00
2.700000000000000000e+01 1.641156717451523139e+00
4.500000000000000000e+01 1.563443067033976508e+00
4.900000000000000000e+01 2.359057780612243693e+00
4.800000000000000000e+01 3.041114256198346855e+00
4.000000000000000000e+00 3.289722592152199088e+00
4.000000000000000000e+00 1.527836385255648022e+00
4.000000000000000000e+00 1.995484661117717051e+00
1.100000000000000000e+01 3.460273534971645137e+00
4.300000000000000000e+01 2.229323250000000645e+00
2.700000000000000000e+01 1.176251454293628651e+00
1.300000000000000000e+01 1.888335734072022376e+00
4.300000000000000000e+01 1.487753249999999916e+00
4.200000000000000000e+01 2.554298816568048025e+00
2.700000000000000000e+01 1.173798822714681167e+00
1.600000000000000000e+01 1.776787869822485488e+00
2.700000000000000000e+01 1.561230401662049960e+00
4.800000000000000000e+01 1.598073347107438202e+00
1.000000000000000000e+00 1.886510459183673216e+00
4.800000000000000000e+01 1.345950619834711315e+00
4.300000000000000000e+01 2.152913249999999667e+00
1.600000000000000000e+01 2.257472485207101087e+00
4.000000000000000000e+00 2.210067419738405814e+00
4.900000000000000000e+01 1.541722066326530305e+00
4.300000000000000000e+01 1.571863250000000045e+00
1.600000000000000000e+01 2.313210946745561714e+00
4.300000000000000000e+01 1.788623249999999887e+00
4.800000000000000000e+01 1.561300619834710801e+00
4.000000000000000000e+00 1.911519143876337479e+00
4.000000000000000000e+00 2.395505350772888953e+00
3.000000000000000000e+00 0.000000000000000000e+00
4.000000000000000000e+01 1.725607256235827336e+00
4.300000000000000000e+01 1.912733250000000051e+00
2.700000000000000000e+01 1.451419875346260380e+00
4.200000000000000000e+01 2.780552662721893498e+00
4.200000000000000000e+01 1.523021893491124601e+00
4.300000000000000000e+01 2.325073250000000424e+00
4.300000000000000000e+01 1.926423250000000031e+00
7.000000000000000000e+00 2.243149999999999533e+00
4.800000000000000000e+01 2.297432438016529410e+00
1.600000000000000000e+01 1.313095562130177640e+00
4.800000000000000000e+01 1.659709710743801470e+00
4.500000000000000000e+01 1.170003673094582197e+00
4.800000000000000000e+01 1.862818801652891709e+00
4.800000000000000000e+01 1.855246074380165755e+00
2.700000000000000000e+01 1.705151454293629021e+00
4.600000000000000000e+01 2.326489940828402325e+00
4.300000000000000000e+01 1.944873250000000553e+00
4.500000000000000000e+01 2.228403673094581983e+00
2.700000000000000000e+01 1.635635664819943935e+00
4.300000000000000000e+01 2.528213249999999856e+00
4.200000000000000000e+01 1.812398816568047577e+00
4.800000000000000000e+01 1.809100619834710821e+00
1.300000000000000000e+01 2.034551523545706342e+00
1.600000000000000000e+01 2.374510946745561846e+00
5.000000000000000000e+00 1.198148341836734687e+00
5.000000000000000000e+00 2.395648341836734030e+00
4.000000000000000000e+00 1.978884661117716881e+00
4.600000000000000000e+01 2.329905325443787589e+00
1.300000000000000000e+01 1.897493628808863741e+00
3.000000000000000000e+01 2.242355555555555213e+00
4.000000000000000000e+00 1.824126040428061701e+00
1.600000000000000000e+01 2.159910946745561500e+00
4.800000000000000000e+01 1.918532438016528952e+00
1.100000000000000000e+01 1.441025708884687839e+00
1.600000000000000000e+01 2.092834023668638910e+00
1.600000000000000000e+01 1.707187869822485160e+00
4.800000000000000000e+01 1.790927892561983370e+00
4.900000000000000000e+01 1.908214923469387703e+00
7.000000000000000000e+00 3.219933333333333980e+00
4.000000000000000000e+01 1.518931065759637544e+00
1.200000000000000000e+01 1.928088468809073586e+00
6.000000000000000000e+00 1.163275000000000281e+00
4.300000000000000000e+01 2.158713250000000361e+00
1.100000000000000000e+01 2.942669187145557697e+00
1.000000000000000000e+00 1.277046173469388757e+00
4.800000000000000000e+01 2.678586983471074934e+00
2.700000000000000000e+01 1.702661980609418535e+00
4.800000000000000000e+01 1.777927892561983025e+00
1.000000000000000000e+00 2.352017602040816335e+00
2.700000000000000000e+01 1.582072506925207733e+00
2.400000000000000000e+01 0.000000000000000000e+00
2.000000000000000000e+01 2.412676653061225807e+00
2.000000000000000000e+01 3.480270938775509748e+00
4.700000000000000000e+01 2.933167751479291319e+00
1.000000000000000000e+01 1.832614062500000029e+00
2.600000000000000000e+01 5.459722519999998802e+00
4.500000000000000000e+01 3.512240036730946535e+00
2.800000000000000000e+01 1.668981481481481843e+00
4.000000000000000000e+00 2.885384661117717187e+00
1.600000000000000000e+01 2.528287869822485767e+00
1.600000000000000000e+01 1.828957100591715568e+00
1.000000000000000000e+00 3.026517602040816435e+00
2.700000000000000000e+01 1.925988296398892130e+00
1.000000000000000000e+00 2.291824744897959398e+00
1.000000000000000000e+00 3.211189030612243922e+00
1.500000000000000000e+01 1.578281656804733091e+00
4.500000000000000000e+01 2.075030945821855433e+00
1.700000000000000000e+01 1.783069333333333617e+00
1.200000000000000000e+01 2.088931947069943895e+00
4.900000000000000000e+01 1.966243494897959021e+00
4.000000000000000000e+01 1.861164399092970489e+00
4.000000000000000000e+01 1.931388208616779956e+00
4.800000000000000000e+01 2.179536983471074496e+00
2.000000000000000000e+01 2.068299510204081759e+00
4.800000000000000000e+01 8.322506198347107143e-01
4.700000000000000000e+01 8.809754437869821153e-01
4.700000000000000000e+01 2.077106213017751557e+00
3.800000000000000000e+01 1.965437499999999948e+00
1.000000000000000000e+01 2.939147395833333398e+00
2.000000000000000000e+01 2.313288081632653981e+00
1.200000000000000000e+01 2.927566729678638957e+00
1.700000000000000000e+01 3.275996000000000574e+00
2.000000000000000000e+01 2.517699510204082003e+00
3.300000000000000000e+01 3.687499999999999556e+00
2.600000000000000000e+01 9.864425199999998783e-01
4.500000000000000000e+01 1.984024885215794010e+00
2.700000000000000000e+01 1.716035664819944406e+00
4.500000000000000000e+01 1.791055188246096996e+00
4.800000000000000000e+01 1.849555165289256342e+00
4.800000000000000000e+01 1.151991528925619734e+00
1.000000000000000000e+00 1.495767602040816602e+00
2.700000000000000000e+01 9.984882963988921389e-01
4.900000000000000000e+01 2.363764923469388268e+00
3.700000000000000000e+01 1.716493079584774817e+00
5.000000000000000000e+00 2.046398341836734414e+00
1.100000000000000000e+01 2.156190926275992847e+00
5.000000000000000000e+00 1.971848341836734964e+00
1.100000000000000000e+01 1.367373534971644711e+00
0.000000000000000000e+00 2.703175022956840756e+00
4.600000000000000000e+01 2.254159171597633016e+00
5.000000000000000000e+00 1.908076913265305929e+00
5.000000000000000000e+00 2.452441198979591785e+00
2.500000000000000000e+01 1.465075000000000349e+00
5.000000000000000000e+00 2.442448341836734205e+00
7.000000000000000000e+00 3.149499999999999744e+00
3.700000000000000000e+01 2.669528373702422019e+00
2.100000000000000000e+01 1.609115972222222579e+00
5.000000000000000000e+00 2.214648341836734868e+00
1.600000000000000000e+01 1.717003254437869719e+00
1.600000000000000000e+01 2.504310946745562649e+00
4.300000000000000000e+01 2.067133250000000366e+00
4.600000000000000000e+01 2.772082248520709946e+00
1.300000000000000000e+01 2.362209418282547713e+00
4.000000000000000000e+01 2.877697732426303556e+00
4.800000000000000000e+01 1.536977892561983472e+00
2.600000000000000000e+01 2.333922519999999778e+00
2.700000000000000000e+01 1.173104085872575864e+00
4.000000000000000000e+00 2.957346730083235009e+00
4.800000000000000000e+01 1.539009710743801662e+00
2.600000000000000000e+01 1.547922519999999968e+00
9.000000000000000000e+00 1.878549985127899724e+00
2.600000000000000000e+01 1.875322520000000104e+00
9.000000000000000000e+00 1.886598765615704831e+00
9.000000000000000000e+00 2.059281692444973721e+00
9.000000000000000000e+00 2.439769497323022396e+00
2.000000000000000000e+01 3.885699510204081886e+00
1.900000000000000000e+01 2.202499895941727459e+00
9.000000000000000000e+00 1.679581692444973129e+00
1.900000000000000000e+01 1.370564412070759408e+00
9.000000000000000000e+00 1.775989009518143869e+00
9.000000000000000000e+00 1.963915838786436829e+00
4.700000000000000000e+01 3.793906213017751661e+00
2.600000000000000000e+01 2.284122519999999934e+00
1.200000000000000000e+01 4.571914555765596688e+00
1.900000000000000000e+01 1.285080541103017726e+00
9.000000000000000000e+00 2.947818277810827503e+00
1.900000000000000000e+01 2.366048283038501232e+00
1.500000000000000000e+01 2.495889349112426103e+00
9.000000000000000000e+00 2.898896326591315464e+00
9.000000000000000000e+00 1.913471936347412639e+00
2.600000000000000000e+01 2.754322519999999219e+00
1.000000000000000000e+01 7.074980729166666649e+00
9.000000000000000000e+00 2.935379253420582923e+00
9.000000000000000000e+00 4.476354863176680965e+00
2.000000000000000000e+01 3.411456653061225808e+00
4.700000000000000000e+01 2.923906213017751554e+00
9.000000000000000000e+00 3.218671936347412554e+00
2.900000000000000000e+01 2.018053086419753228e+00
1.700000000000000000e+01 1.316456000000000071e+00
4.500000000000000000e+01 2.536752157943067409e+00
2.100000000000000000e+01 1.804599305555555588e+00
9.000000000000000000e+00 4.194403643664485593e+00
9.000000000000000000e+00 4.982696326591314673e+00
9.000000000000000000e+00 2.180501204640094670e+00
2.600000000000000000e+01 1.138522519999999982e+00
2.600000000000000000e+01 5.587722519999999804e+00
2.600000000000000000e+01 1.006122519999999909e+00
9.000000000000000000e+00 3.450013399762046351e+00
9.000000000000000000e+00 1.294891448542534462e+00
9.000000000000000000e+00 1.361842668054729311e+00
4.500000000000000000e+01 2.735406703397612382e+00
2.000000000000000000e+01 4.107199510204082138e+00
1.200000000000000000e+01 3.807897164461248263e+00
2.600000000000000000e+01 1.190122519999999628e+00
1.900000000000000000e+01 2.585128928199792675e+00
2.600000000000000000e+01 2.753522519999999751e+00
1.000000000000000000e+00 2.244803316326530851e+00
4.500000000000000000e+01 1.848509733700642643e+00
2.000000000000000000e+01 2.873699510204081875e+00
1.000000000000000000e+01 2.863314062500000201e+00
1.900000000000000000e+01 1.924112799167534194e+00
1.000000000000000000e+01 1.342272395833333354e+00
2.700000000000000000e+01 2.245640927977838874e+00
1.000000000000000000e+01 2.498814062500000155e+00
1.200000000000000000e+01 2.323566729678638421e+00
2.700000000000000000e+01 1.769367243767313358e+00
2.900000000000000000e+01 9.606530864197532216e-01
4.700000000000000000e+01 1.901598520710058970e+00
2.000000000000000000e+01 1.999628081632653043e+00
2.700000000000000000e+01 4.092351454293627455e+00
4.700000000000000000e+01 1.992213905325443513e+00
2.000000000000000000e+01 2.839842367346938623e+00
9.000000000000000000e+00 2.110257302201071106e+00
1.500000000000000000e+01 5.272304733727809278e+00
9.000000000000000000e+00 2.409281692444973366e+00
9.000000000000000000e+00 1.472086570493753799e+00
2.600000000000000000e+01 6.468122520000000542e+00
9.000000000000000000e+00 3.675135350981559412e+00
1.000000000000000000e+01 2.630814062499999384e+00
1.000000000000000000e+01 6.664147395833333043e+00
2.600000000000000000e+01 3.849922519999999793e+00
9.000000000000000000e+00 2.758793887566924674e+00
9.000000000000000000e+00 2.213184131469363880e+00
9.000000000000000000e+00 1.146598765615705062e+00
1.900000000000000000e+01 1.351209573361082050e+00
9.000000000000000000e+00 4.330013399762046689e+00
2.100000000000000000e+01 2.235349305555555777e+00
1.200000000000000000e+01 1.244158034026464854e+00
4.700000000000000000e+01 2.014867751479290092e+00
1.000000000000000000e+01 4.022064062499999260e+00
9.000000000000000000e+00 4.574159741225462206e+00
9.000000000000000000e+00 2.276530472932778437e+00
4.700000000000000000e+01 1.129044674556212824e+00
4.700000000000000000e+01 3.295967751479290442e+00
1.200000000000000000e+01 3.795392816635160038e+00
9.000000000000000000e+00 1.673184131469363622e+00
1.200000000000000000e+01 1.582701512287334689e+00
4.500000000000000000e+01 3.966318824609733618e+00
2.000000000000000000e+01 4.031442367346938838e+00
1.200000000000000000e+01 3.276697164461247702e+00
2.100000000000000000e+01 6.484932638888888157e+00
2.000000000000000000e+01 2.290270938775511134e+00
1.500000000000000000e+01 2.699612426035503443e+00
4.700000000000000000e+01 2.219290828402366689e+00
1.900000000000000000e+01 6.632499895941727175e+00
1.700000000000000000e+01 2.234262666666666508e+00
1.200000000000000000e+01 1.651897164461247236e+00
2.900000000000000000e+01 2.697530864197531297e+00
1.900000000000000000e+01 2.593870863683662709e+00
1.500000000000000000e+01 2.729312426035503503e+00
1.000000000000000000e+01 1.519997395833333487e+00
4.700000000000000000e+01 2.247406213017752119e+00
1.300000000000000000e+01 3.126509418282548580e+00
2.900000000000000000e+01 3.605486419753086924e+00
1.000000000000000000e+00 3.653067602040815487e+00
1.000000000000000000e+01 1.827305729166667225e+00
1.900000000000000000e+01 3.256048283038501800e+00
2.000000000000000000e+01 3.225128081632653299e+00
1.900000000000000000e+01 2.387016024973985573e+00
9.000000000000000000e+00 2.925257302201071496e+00
1.000000000000000000e+01 1.666647395833333212e+00
9.000000000000000000e+00 3.000501204640095843e+00
4.700000000000000000e+01 2.104736982248520238e+00
9.000000000000000000e+00 1.977818277810827308e+00
4.700000000000000000e+01 1.353406213017751103e+00
4.700000000000000000e+01 2.199867751479290146e+00
2.600000000000000000e+01 3.116042520000000593e+00
4.700000000000000000e+01 2.373460059171597969e+00
4.500000000000000000e+01 2.407658218549128204e+00
1.200000000000000000e+01 1.047931947069943304e+00
1.000000000000000000e+01 2.725397395833333736e+00
1.900000000000000000e+01 3.596693444328824096e+00
9.000000000000000000e+00 3.702208521713266531e+00
9.000000000000000000e+00 1.933915838786436137e+00
1.500000000000000000e+01 4.895381656804733694e+00
9.000000000000000000e+00 3.177086570493754092e+00
9.000000000000000000e+00 3.643549985127899848e+00
1.900000000000000000e+01 1.940241831425598473e+00
1.900000000000000000e+01 1.431854734651404781e+00
9.000000000000000000e+00 1.508732911957168188e+00
9.000000000000000000e+00 1.311108521713265862e+00
2.700000000000000000e+01 1.596225138504155261e+00
1.300000000000000000e+01 2.246898891966758960e+00
4.500000000000000000e+01 1.535137006427915285e+00
1.000000000000000000e+00 2.433960459183674097e+00
4.800000000000000000e+01 3.947932438016529044e+00
4.000000000000000000e+01 2.714969160997732001e+00
1.200000000000000000e+01 1.137362381852551785e+00
1.000000000000000000e+00 1.062631887755101978e+00
1.200000000000000000e+01 2.392014555765595851e+00
1.000000000000000000e+00 1.789067602040816718e+00
1.000000000000000000e+00 1.862660459183673733e+00
1.700000000000000000e+01 4.473396000000000150e+00
2.800000000000000000e+01 2.331192592592592483e+00
4.700000000000000000e+01 2.011136982248521221e+00
1.200000000000000000e+01 2.682149338374291148e+00
2.700000000000000000e+01 1.601667243767312954e+00
2.700000000000000000e+01 1.581819875346260673e+00
1.000000000000000000e+00 2.730446173469387894e+00
4.800000000000000000e+01 1.670936983471073889e+00
4.700000000000000000e+01 2.466521597633136054e+00
1.200000000000000000e+01 1.012640642722117068e+00
2.000000000000000000e+01 2.832270938775511393e+00
4.500000000000000000e+01 2.057433976124885433e+00
4.800000000000000000e+01 2.698118801652892529e+00
3.800000000000000000e+01 2.042487500000000455e+00
1.000000000000000000e+00 2.531474744897959983e+00
4.700000000000000000e+01 1.764313905325443743e+00
4.700000000000000000e+01 9.785831360946742885e-01
1.500000000000000000e+01 2.308843195266272463e+00
2.600000000000000000e+01 3.102490520000000362e+00
1.000000000000000000e+00 1.884174744897959553e+00
1.200000000000000000e+01 1.880649338374291046e+00
2.700000000000000000e+01 2.014704085872576211e+00
1.000000000000000000e+00 1.166796173469387909e+00
1.000000000000000000e+01 3.235647395833332940e+00
1.700000000000000000e+01 3.180602666666666245e+00
1.000000000000000000e+01 2.057272395833333434e+00
1.500000000000000000e+01 2.645381656804734138e+00
9.000000000000000000e+00 2.776308521713266142e+00
